0 0.525924 0.371599 0.872336 0.757214 0.067845 1.001479
0 0.531182 0.512289 0.861002 0.834571 0.053561 1.025043
0 0.452902 0.557576 0.847035 0.760015 -0.016175 1.012533
0 0.555441 0.499414 0.930637 0.975402 0.348213 0.945864
0 0.554604 0.501277 0.935236 0.976408 0.339357 0.940465
0 0.511612 0.480495 0.963413 0.970068 0.384567 0.890370
0 0.492144 0.495161 0.992817 0.997573 0.625014 0.802852
0 0.444731 0.501524 0.894341 0.957541 0.311867 -0.975406
0 0.450783 0.447488 0.932071 0.951983 0.456326 -0.884307
0 0.551673 0.526591 0.948625 0.950584 -0.335878 0.913731
0 0.546002 0.525441 0.925912 0.926387 -0.197956 0.966636
0 0.522954 0.515223 0.929760 0.948951 -0.298206 0.978875
0 0.510805 0.500263 0.978748 1.001965 0.596092 0.822673
0 0.518755 0.527831 0.939324 0.935054 -0.509855 0.845027
0 0.484244 0.486371 0.882815 0.737890 0.038816 -0.998903
0 0.517171 0.505445 0.855521 0.769444 -0.004622 -1.025131
0 0.550226 0.446556 0.929434 0.913062 0.384546 0.929922
0 0.510182 0.446708 0.941119 0.890857 0.268116 0.962167
0 0.504813 0.500756 0.992271 0.999079 0.355373 0.940750
0 0.445082 0.620663 0.836661 0.722927 -0.037755 1.013094
0 0.519240 0.517452 0.918526 0.897480 -0.165587 -0.863711
0 0.550511 0.489381 0.944584 0.968625 0.386155 0.926413
0 0.526667 0.499459 0.914684 0.961643 0.237193 0.987153
0 0.523415 0.523589 0.937577 0.985319 -0.338536 0.958605
0 0.450169 0.508703 0.923645 0.983138 -0.535034 -0.856437
0 0.517562 0.430420 0.924632 0.894386 0.254405 -0.963749
0 0.497379 0.441354 0.973817 0.918951 0.391460 -0.924171
0 0.443208 0.473092 0.956130 0.906335 0.357615 -0.941206
0 0.560470 0.381649 0.826640 0.707806 0.049767 -1.001622
0 0.474500 0.510571 0.912816 0.874449 -0.171508 0.981043
0 0.504462 0.499575 0.992515 0.986311 0.681962 0.723403
0 0.564436 0.636543 0.855119 0.636449 -0.002104 -1.072591
0 0.551371 0.441700 0.937326 0.877067 0.262336 1.006285
0 0.555756 0.494664 0.922275 0.968686 0.663517 0.777398
0 0.506209 0.511039 0.985745 1.003613 -0.428079 0.952283
0 0.556468 0.530885 0.927006 0.906322 -0.429272 0.877632
0 0.570982 0.503037 0.872471 0.984693 0.735773 0.674321
0 0.555149 0.498937 0.950747 1.009619 0.514356 0.826255
0 0.558729 0.478520 0.890464 0.949253 0.348009 0.991473
0 0.474241 0.474240 0.897831 0.848422 0.191281 -1.005753
0 0.555951 0.515011 0.981327 0.956785 -0.481707 0.763264
0 0.554327 0.505216 0.940774 1.011128 -0.587212 0.827993
0 0.474108 0.497330 0.900610 0.877566 0.209665 -1.022574
0 0.439505 0.503309 0.893980 0.853385 -0.179570 -0.962756
0 0.526917 0.475980 0.894279 0.839296 -0.125431 -0.997171
0 0.511955 0.590785 0.930953 0.781872 -0.187957 -0.966754
0 0.488723 0.417695 0.893488 0.785427 0.111096 1.036654
0 0.521568 0.488730 0.932146 0.955811 -0.289475 1.023614
0 0.562018 0.448021 0.851917 0.789588 -0.088408 1.044630
0 0.556048 0.503092 0.931440 1.006516 -0.617551 0.809664
0 0.433980 0.578414 0.865328 0.908025 -0.215396 -1.031565
0 0.449769 0.523098 0.921591 0.959064 -0.273196 -0.958175
0 0.451490 0.475411 0.869672 0.752531 0.003714 -1.004058
0 0.446286 0.587294 0.859397 0.775016 -0.006330 -1.000307
0 0.504578 0.492444 0.953657 0.980541 0.583806 -0.871824
0 0.493231 0.500997 0.972489 0.959007 0.311252 0.983084
0 0.449052 0.403484 0.835530 0.749452 0.010651 1.035173
0 0.546783 0.474600 0.830580 0.768717 0.022709 1.043101
0 0.546197 0.530798 0.859594 0.774111 -0.080114 1.010169
0 0.495884 0.454068 0.904145 0.770330 0.116484 -1.003170
0 0.442938 0.501238 0.892759 0.912034 0.247222 -0.974395
0 0.432266 0.608993 0.848889 0.773968 -0.098338 -1.028858
0 0.479125 0.493226 0.947515 1.015043 0.572156 -0.846061
0 0.526760 0.629839 0.892612 0.785810 -0.092206 -0.993245
0 0.561076 0.500960 0.831662 0.821192 -0.085708 -1.002826
0 0.478856 0.408668 0.909865 0.799179 0.189298 -1.008168
0 0.444495 0.479486 0.935442 0.934261 0.417923 -0.885869
0 0.545521 0.475625 0.906036 0.910598 0.293060 -0.926112
0 0.442705 0.492178 0.919158 0.983185 0.490526 -0.840147
0 0.509324 0.448254 0.989030 0.962060 0.483830 -0.811072
0 0.561818 0.482893 0.905737 0.949243 0.442116 0.939929
0 0.561673 0.506869 0.922157 0.995700 0.350170 0.941258
0 0.554295 0.499273 0.944314 0.968604 0.503738 0.861569
0 0.501973 0.508535 0.959109 1.032024 -0.677395 -0.749783
0 0.491616 0.449602 0.954875 0.903339 0.455739 0.885606
0 0.569902 0.490935 0.890471 0.972291 0.686638 0.695446
0 0.491319 0.502558 0.968926 0.986261 0.643455 0.790472
0 0.496832 0.480489 0.987854 0.953076 0.646537 0.783137
0 0.448972 0.513866 0.897042 1.000433 -0.367709 -0.927378
0 0.476298 0.559482 0.953646 0.965152 -0.318994 -0.926138
0 0.446606 0.505386 0.936080 0.999286 -0.679149 -0.745252
0 0.444010 0.490772 0.876414 0.973933 0.264187 -0.962080
0 0.476642 0.490634 0.924257 0.940253 -0.253318 0.971555
0 0.562125 0.527104 0.930029 0.947339 -0.368858 0.939607
0 0.479754 0.562861 0.954953 0.911401 -0.384766 0.919382
0 0.488139 0.512410 0.964960 0.971818 -0.684022 0.761949
0 0.500979 0.432966 0.919635 0.842745 0.186816 -1.009388
0 0.472837 0.452990 0.895301 0.763568 0.089994 -1.021096
0 0.501270 0.497960 0.854523 0.980006 1.006337 0.577572
0 0.442726 0.519914 0.957530 0.957449 -0.576973 -0.819604
0 0.470491 0.488902 0.862297 0.800927 -0.008193 -1.002882
0 0.557706 0.525213 0.925550 0.963012 -0.305514 0.958370
0 0.522450 0.529265 0.888855 0.861313 -0.134445 -1.006019
0 0.469495 0.481940 0.919395 0.917448 -0.245429 -0.964933
0 0.546516 0.414516 0.881063 0.812975 0.148011 1.040715
0 0.472820 0.483661 0.859919 0.856196 0.109608 1.039544
0 0.515127 0.501548 0.986847 1.004098 -0.366729 0.982495
0 0.524623 0.567353 0.937187 0.918036 -0.262122 0.990581
0 0.546098 0.455648 0.890678 0.905882 -0.152193 0.970413
0 0.519599 0.515584 0.952484 0.981064 -0.523494 0.875734
0 0.444877 0.449220 0.845600 0.732464 -0.007622 -1.004900
0 0.563937 0.608646 0.861296 0.769783 -0.027266 -0.895495
0 0.476050 0.475959 0.923730 0.839760 0.186372 -0.751004
0 0.531752 0.405053 0.910242 0.825295 0.169954 -0.977349
0 0.547536 0.445316 0.904758 0.834053 0.205343 -0.966593
0 0.530857 0.475575 0.933392 0.894234 0.163197 -0.965123
0 0.517475 0.440916 0.950475 0.881410 0.353055 -0.935315
0 0.522294 0.443578 0.942191 0.908983 0.316446 -0.882257
0 0.449345 0.480597 0.869096 0.778181 0.079368 -0.999812
0 0.443773 0.531696 0.848770 0.778540 0.027280 -0.965468
0 0.446378 0.557196 0.877611 0.782256 -0.076813 -0.997341
0 0.565438 0.390766 0.806414 0.755307 0.025553 0.959971
0 0.573448 0.588669 0.827625 0.767535 0.035267 0.988825
0 0.524536 0.368580 0.850068 0.723620 0.066993 0.980703
0 0.478917 0.416112 0.868351 0.747869 0.016149 0.983091
0 0.451550 0.391715 0.862518 0.702804 -0.026450 0.947209
0 0.447830 0.621750 0.844264 0.716328 -0.022710 0.967566
0 0.553969 0.485477 0.924790 0.951427 0.365340 0.958996
0 0.503601 0.441314 0.973860 0.932892 0.409757 0.899025
0 0.557973 0.488381 0.932387 0.980377 0.447270 0.897813
0 0.469343 0.484268 0.916752 0.928553 0.282897 -0.983969
0 0.470689 0.485573 0.907859 0.917679 0.299436 -0.954717
0 0.520255 0.476396 0.936954 0.915635 0.210287 -0.972822
0 0.446507 0.523556 0.925633 0.950663 -0.511500 -0.850348
0 0.491411 0.500832 0.964698 0.999142 0.549328 -0.828849
0 0.567305 0.501481 0.911988 0.989968 0.726200 0.756428
0 0.559511 0.499941 0.953377 0.995967 0.661723 0.740910
0 0.472660 0.490569 0.934412 0.988729 0.458555 -0.880291
0 0.508157 0.480274 0.959493 0.920725 0.374431 0.941689
0 0.477269 0.549392 0.908842 0.785284 0.121000 -1.021381
0 0.526479 0.444154 0.920976 0.926278 0.394134 0.951439
0 0.482406 0.449326 0.929160 0.868396 0.199510 1.000204
0 0.530202 0.498538 0.922748 0.987519 0.436999 0.908247
0 0.504076 0.501837 0.977558 0.990784 0.353892 0.961723
0 0.446966 0.624640 0.840790 0.738607 -0.021349 1.009146
0 0.469345 0.492700 0.936801 0.968025 0.348879 -0.925496
0 0.550848 0.555693 0.872055 0.800675 -0.099110 0.991931
0 0.508465 0.502531 0.988665 0.991580 0.526671 0.862732
0 0.501181 0.527100 0.945311 0.943532 -0.403366 -0.954675
0 0.528660 0.547746 0.904669 0.808707 -0.131626 -1.034047
0 0.496833 0.447142 0.955549 0.911702 0.416711 -0.948959
0 0.508495 0.442398 0.973756 0.901764 0.452970 -0.902418
0 0.553760 0.533885 0.869290 0.757845 0.073245 -1.018534
0 0.567109 0.603484 0.845019 0.745556 0.052553 -1.037574
0 0.444742 0.434089 0.824290 0.754076 0.009303 0.983632
0 0.494275 0.441970 0.981836 0.924491 0.392787 0.944005
0 0.499155 0.522665 0.988629 0.938015 -0.561099 0.846200
0 0.553330 0.492093 0.929881 1.000394 -0.601289 0.770058
0 0.564510 0.529913 0.916829 0.905932 -0.407692 0.934016
0 0.501338 0.501818 0.991506 0.997519 -0.493996 0.862997
0 0.498567 0.495198 0.976713 1.007827 0.449912 -0.842059
0 0.471946 0.493619 0.912473 1.025482 0.575960 -0.751514
0 0.444761 0.447782 0.924189 0.906521 0.387025 -0.947390
0 0.525300 0.476497 0.920431 0.839003 -0.118040 -1.039224
0 0.488896 0.476334 0.960817 0.958379 0.383837 -0.924709
0 0.515501 0.502064 0.977497 0.987282 -0.441879 0.923208
0 0.453845 0.417574 0.876752 0.767785 0.006278 -0.984120
0 0.519590 0.479696 0.925082 0.819025 -0.016898 -1.020853
0 0.551151 0.501536 0.967546 1.001478 -0.397353 0.887970
0 0.519029 0.475735 0.958220 0.933862 0.406817 0.969018
0 0.471222 0.593641 0.879941 0.759082 0.001021 0.898978
0 0.533389 0.532268 0.883749 0.758806 0.000657 1.002882
0 0.558963 0.394295 0.860889 0.749730 0.053203 0.964893
0 0.555380 0.555631 0.855414 0.758863 0.053764 0.980853
0 0.522253 0.443809 0.957294 0.908583 0.482439 0.910735
0 0.443180 0.499323 0.908882 0.926431 0.222992 -0.944617
0 0.433574 0.605062 0.858919 0.787958 -0.081459 -1.028872
0 0.468457 0.468798 0.866789 0.803699 -0.074429 -0.995510
0 0.523455 0.456415 0.871501 0.805225 -0.086365 -0.744178
0 0.513421 0.395560 0.905088 0.758149 0.231077 -0.995481
0 0.475170 0.475443 0.936190 0.914774 0.368595 -0.878888
0 0.482224 0.407494 0.924205 0.820076 0.282179 -0.938777
0 0.526350 0.492375 0.932317 0.964164 0.287320 -0.945328
0 0.564385 0.440266 0.918601 0.919326 0.356498 0.868132
0 0.481285 0.427927 0.969721 0.873892 0.414909 0.925439
0 0.559863 0.449594 0.938269 0.902240 0.541870 0.770802
0 0.551506 0.448305 0.949531 0.908122 0.488102 0.851624
0 0.571257 0.490916 0.887531 0.950968 0.655061 0.746434
0 0.552908 0.498136 0.932090 0.990716 0.643653 0.652558
0 0.454261 0.492986 0.888840 0.960515 -0.297507 -0.951165
0 0.473652 0.529565 0.908226 0.930015 -0.335785 -0.897879
0 0.475763 0.507685 0.910223 1.034440 -0.493402 -0.808670
0 0.504219 0.509001 0.950211 1.014458 -0.552800 -0.844449
0 0.562672 0.526841 0.930063 0.935507 -0.402585 0.910195
0 0.523214 0.552665 0.959140 0.924881 -0.336716 1.006587
0 0.476302 0.450404 0.954697 0.935074 0.519354 -0.719866
0 0.504068 0.509551 0.930088 1.014539 -0.719054 -0.726988
0 0.495478 0.496854 0.990974 1.008529 0.598479 0.816536
0 0.489521 0.501345 1.019271 0.970757 -0.516325 0.806617
0 0.504758 0.494837 1.048660 0.988569 -0.561941 0.754960
0 0.483857 0.510206 0.941334 0.919780 0.268511 -0.953978
0 0.510360 0.499974 0.958850 1.005232 0.703398 0.757641
0 0.469202 0.482941 0.922907 0.887062 -0.236364 -0.944875
0 0.481206 0.427681 0.912693 0.858010 0.274622 -0.849359
0 0.527320 0.483006 0.900917 0.897928 -0.225744 1.011392
0 0.555337 0.528549 0.932526 0.905219 -0.489921 0.788022
0 0.516741 0.504071 0.981414 0.999968 -0.381047 0.970382
0 0.555586 0.417263 0.935471 0.830968 0.331273 0.951606
0 0.557568 0.525171 0.862898 0.835736 -0.203187 0.986267
0 0.560489 0.530418 0.906531 0.939601 -0.438177 0.899172
1 0.249912 0.253057 0.407387 0.451323 -1.023266 0.031751
1 0.621545 0.222633 0.385648 0.466949 -1.023209 0.002530
1 0.412141 0.299572 0.366686 0.463594 0.135009 0.879122
1 0.281672 0.318036 0.368327 0.454133 0.168060 0.987591
1 0.699268 0.708079 0.384745 0.453209 0.010645 1.073350
1 0.717757 0.287216 0.393435 0.481079 0.484319 0.911773
1 0.375873 0.763971 0.381150 0.446676 0.925738 0.353218
1 0.237159 0.302063 0.390691 0.472151 0.977599 0.312922
1 0.734387 0.302303 0.364936 0.472397 0.952270 0.402084
1 0.455898 0.586604 0.422846 0.449811 0.695275 -0.723490
1 0.252150 0.361092 0.377022 0.451769 -0.522558 0.831387
1 0.663887 0.320490 0.388673 0.459258 -0.884590 0.457354
1 0.654181 0.354541 0.404565 0.483284 -0.274524 0.971769
1 0.339699 0.714360 0.374455 0.462745 0.908245 -0.370356
1 0.357563 0.639523 0.381217 0.461340 -1.012412 0.036011
1 0.315435 0.711593 0.390097 0.446868 0.961554 0.060095
1 0.545203 0.507595 0.380944 0.435151 0.838559 0.589185
1 0.726665 0.668928 0.397410 0.457313 0.925676 -0.345573
1 0.675049 0.518855 0.381476 0.464891 -0.158590 0.999853
1 0.239016 0.300554 0.397915 0.468987 0.922291 -0.167473
1 0.269182 0.298327 0.402708 0.467947 0.511397 -0.876353
1 0.198699 0.207969 0.371805 0.413411 -0.805794 0.576268
1 0.182441 0.256154 0.357907 0.491225 0.383581 0.933539
1 0.330910 0.289373 0.398329 0.463665 0.946903 -0.227378
1 0.343556 0.267998 0.379164 0.473446 0.846589 -0.487650
1 0.355379 0.210899 0.382302 0.430123 -0.750034 0.644477
1 0.492686 0.274476 0.401751 0.450431 0.895242 -0.292935
1 0.398382 0.255864 0.402676 0.494559 0.049174 1.009818
1 0.408679 0.251675 0.395242 0.506759 0.278022 1.005883
1 0.413537 0.242683 0.400604 0.487019 0.507751 0.864209
1 0.655246 0.249448 0.412729 0.481841 0.461484 -0.885720
1 0.635447 0.247765 0.403647 0.467796 0.423207 0.906658
1 0.788206 0.276968 0.391226 0.443548 0.952445 -0.298106
1 0.756544 0.252291 0.372365 0.457238 -0.261551 0.952845
1 0.351909 0.317116 0.380936 0.488656 0.649446 -0.710342
1 0.775732 0.248904 0.385420 0.453414 -0.025968 1.024095
1 0.784859 0.266732 0.386114 0.466750 0.619176 0.788040
1 0.792724 0.253529 0.376805 0.461581 0.956516 0.137678
1 0.324608 0.429637 0.379717 0.477548 -0.230266 -0.902480
1 0.286222 0.343999 0.409285 0.465194 -0.993885 -0.097708
1 0.259331 0.363891 0.392678 0.475120 -0.952076 0.189897
1 0.236632 0.379440 0.381723 0.488017 -0.665724 0.671289
1 0.624455 0.474681 0.379343 0.477006 0.672721 -0.760544
1 0.756300 0.367615 0.397262 0.458481 -0.762358 -0.603821
1 0.548136 0.470578 0.380562 0.474001 0.697673 -0.737425
1 0.684112 0.449733 0.389200 0.469236 -0.025917 1.071884
1 0.220024 0.587449 0.394014 0.475331 -0.795087 -0.581091
1 0.201628 0.578745 0.364907 0.452110 -0.874547 0.508317
1 0.178079 0.581374 0.357939 0.448031 -0.541415 0.874323
1 0.774671 0.566567 0.386918 0.450034 -0.606976 0.745097
1 0.785851 0.789169 0.380673 0.416225 0.865707 -0.447018
1 0.820840 0.724282 0.360741 0.478189 -0.155817 -1.040572
1 0.776178 0.792235 0.387923 0.409525 0.970243 0.122844
1 0.594255 0.748428 0.379088 0.487100 0.221380 -0.998023
1 0.564356 0.752487 0.390945 0.465123 -0.699627 -0.598849
1 0.522537 0.763029 0.378444 0.448290 -0.501142 0.907232
1 0.517033 0.757114 0.382099 0.450982 0.009656 1.064185
1 0.311676 0.792086 0.391010 0.414758 0.978961 -0.034122
1 0.335900 0.708175 0.381601 0.447172 0.427602 -0.927746
1 0.369441 0.743026 0.372981 0.472127 -0.255406 -0.995371
1 0.376486 0.745801 0.386001 0.486368 -0.844238 -0.389156
1 0.401724 0.734314 0.382947 0.467574 -0.987845 0.005785
1 0.242092 0.223914 0.391149 0.446934 1.011993 0.030354
1 0.465525 0.221812 0.388697 0.445651 1.014355 0.090944
1 0.710154 0.239678 0.402021 0.465450 1.010198 0.019615
1 0.432499 0.401998 0.373114 0.455617 0.979405 0.084216
1 0.292662 0.380737 0.376248 0.436458 0.976505 0.064519
1 0.205518 0.585747 0.372185 0.460020 0.994739 0.058317
1 0.568337 0.794003 0.388480 0.396338 0.920064 -0.343494
1 0.600774 0.254263 0.363630 0.445131 0.679223 -0.664758
1 0.390471 0.564327 0.364269 0.438193 0.734310 -0.639271
1 0.754452 0.590352 0.364777 0.442170 0.695752 -0.726379
1 0.345257 0.439738 0.399723 0.441036 -0.051398 -1.041048
1 0.286579 0.250598 0.387731 0.443786 0.023245 -0.989159
1 0.677563 0.375473 0.388221 0.452941 -0.750746 -0.653777
1 0.210923 0.580619 0.403213 0.446199 -0.717018 -0.699728
1 0.779220 0.763518 0.382579 0.431847 -0.989840 0.032335
1 0.566705 0.326462 0.378170 0.438589 -1.037477 0.027880
1 0.235640 0.184802 0.389121 0.369464 -0.996734 -0.050180
1 0.290327 0.193072 0.394729 0.396461 -0.819874 0.586621
1 0.783540 0.301919 0.400952 0.478119 -0.159953 -0.963483
1 0.236588 0.745324 0.386750 0.462191 -0.023851 1.024576
1 0.624444 0.280458 0.429967 0.463125 -0.182141 -1.010135
1 0.453584 0.722597 0.386976 0.471999 -0.145207 1.043205
1 0.774799 0.598088 0.385533 0.458293 -0.061059 1.049532
1 0.169896 0.659885 0.350816 0.455852 0.626320 0.771317
1 0.603331 0.629779 0.376347 0.461272 0.526112 0.905183
1 0.622042 0.766338 0.389698 0.430267 0.654254 0.813394
1 0.467110 0.766025 0.390945 0.436572 0.664067 0.794184
1 0.194687 0.777880 0.385380 0.456103 0.690723 0.719090
1 0.418827 0.651924 0.382765 0.445189 0.879534 0.472057
1 0.196137 0.269132 0.395526 0.457829 -0.458515 0.911654
1 0.735672 0.223207 0.386406 0.444179 -0.993273 -0.003553
1 0.719080 0.260615 0.374491 0.438679 -0.891323 0.364968
1 0.313812 0.715334 0.376530 0.442582 -0.376232 -0.891987
1 0.289660 0.526955 0.375263 0.448767 0.955392 -0.319898
1 0.213911 0.429725 0.378621 0.453204 -0.873903 0.418907
1 0.564874 0.810062 0.386223 0.369617 0.968377 0.116138
1 0.371026 0.470259 0.362035 0.423381 0.576088 -0.804945
1 0.354497 0.370407 0.393438 0.477207 -0.939553 -0.398114
1 0.280097 0.242796 0.397659 0.473498 1.010307 -0.000708
1 0.587459 0.562822 0.386833 0.459422 0.949268 -0.011711
1 0.660934 0.556763 0.388130 0.456173 0.991564 -0.006541
1 0.736780 0.798200 0.402942 0.392864 0.921473 0.013340
1 0.815974 0.555693 0.370179 0.447959 -0.393006 -0.917867
1 0.474001 0.530224 0.379340 0.466081 -0.268616 -0.929884
1 0.352407 0.509626 0.382667 0.465857 -0.288894 -1.022810
1 0.623224 0.280493 0.410730 0.460629 -0.148215 -1.001185
1 0.320408 0.253206 0.389036 0.463272 -0.798665 0.590302
1 0.390666 0.657451 0.381951 0.480868 -0.840708 0.462489
1 0.509519 0.703676 0.360784 0.459396 -0.586887 0.780599
1 0.281405 0.319090 0.402947 0.472414 0.132315 0.973131
1 0.514535 0.707685 0.382295 0.484932 0.043593 1.051269
1 0.481906 0.688340 0.382014 0.448394 0.725419 0.661726
1 0.398942 0.456413 0.411181 0.467021 0.943107 0.239500
1 0.550320 0.592439 0.380021 0.482500 0.533925 0.818494
1 0.363657 0.644931 0.374693 0.472117 -0.306393 -0.982883
1 0.704968 0.761789 0.386590 0.453280 -0.214688 0.908395
1 0.697901 0.743243 0.381749 0.449280 0.589660 0.835350
1 0.787582 0.785148 0.385955 0.409791 0.911898 0.202542
1 0.468127 0.501517 0.388753 0.471495 0.281013 0.951576
1 0.672581 0.217634 0.377595 0.433455 -0.733866 0.671029
1 0.708867 0.484295 0.374010 0.466547 -0.681739 0.609472
1 0.827806 0.726582 0.355830 0.455209 -0.519523 -0.829223
1 0.238975 0.683330 0.385869 0.481487 0.912780 0.351337
1 0.567560 0.532726 0.380960 0.477901 -0.818275 0.532421
1 0.287525 0.663514 0.379538 0.458448 -0.827402 0.488289
1 0.236391 0.299397 0.388939 0.461175 0.999491 -0.003662
1 0.250871 0.301323 0.382336 0.461897 0.870688 -0.406634
1 0.349411 0.263417 0.378548 0.487326 0.580821 -0.729953
1 0.391010 0.242908 0.370590 0.454753 -0.653596 -0.746141
1 0.321171 0.241144 0.386320 0.499684 0.658006 0.726981
1 0.318736 0.257141 0.386733 0.474587 0.862548 0.444105
1 0.481452 0.278929 0.392403 0.457790 0.961150 -0.209505
1 0.398828 0.236445 0.368907 0.454189 -0.480909 0.852259
1 0.609889 0.258513 0.394666 0.464984 1.020652 -0.191052
1 0.649734 0.247965 0.406777 0.467281 0.516544 -0.854656
1 0.677783 0.203463 0.378812 0.442163 -0.809345 -0.579022
1 0.776439 0.208497 0.390175 0.425375 -0.897630 0.240183
1 0.285713 0.344916 0.378139 0.463002 -0.964398 -0.096551
1 0.221973 0.378903 0.404247 0.461774 0.155966 0.941403
1 0.266925 0.456280 0.388204 0.489750 0.912288 0.371920
1 0.759034 0.437111 0.398652 0.467995 0.893594 -0.439485
1 0.686534 0.487572 0.377814 0.469964 0.379859 0.970335
1 0.248717 0.631807 0.418709 0.470101 0.179473 -1.020079
1 0.223836 0.608830 0.413497 0.461744 -0.254921 -0.971806
1 0.178656 0.608636 0.379020 0.440655 -0.322044 0.575292
1 0.808954 0.551712 0.383603 0.432013 -0.848613 -0.563804
1 0.790878 0.553370 0.399971 0.451329 -0.949198 -0.224393
1 0.782412 0.558829 0.376418 0.460076 -0.794827 0.506393
1 0.774707 0.584239 0.397354 0.466012 -0.420054 0.823408
1 0.781193 0.610958 0.390868 0.463431 0.585122 0.791687
1 0.815285 0.759089 0.359757 0.466762 0.381446 -0.908243
1 0.574725 0.796010 0.395234 0.427889 0.821974 -0.514924
1 0.600031 0.761848 0.417553 0.459056 0.535212 -0.872550
1 0.564808 0.756551 0.392022 0.451266 -0.956832 0.088034
1 0.528752 0.775797 0.354952 0.469378 -0.554146 0.854497
1 0.521261 0.756363 0.369500 0.471314 -0.230575 1.052150
1 0.517951 0.747299 0.381257 0.478877 0.257793 1.024245
1 0.311640 0.793438 0.380672 0.412681 0.939971 -0.081978
1 0.367886 0.763190 0.371459 0.470884 -0.680015 -0.739413
1 0.347508 0.758610 0.370982 0.466140 -0.262457 1.017402
1 0.577136 0.236550 0.389305 0.449663 1.011803 -0.003864
1 0.671251 0.238712 0.393147 0.469894 1.011274 0.003082
1 0.710729 0.240419 0.390871 0.491467 0.988443 0.034543
1 0.205149 0.588188 0.376518 0.458728 0.985417 0.007529
1 0.720154 0.597565 0.395816 0.464343 1.016437 0.016613
1 0.551120 0.774579 0.388664 0.452892 1.002242 0.063640
1 0.219596 0.804059 0.372690 0.396246 0.930617 -0.235100
1 0.352485 0.800321 0.380381 0.398649 0.886003 -0.021223
1 0.249681 0.663345 0.377367 0.449132 0.867968 -0.248409
1 0.781902 0.265173 0.387335 0.474381 0.626308 -0.768868
1 0.670154 0.468880 0.397827 0.481267 0.675161 -0.707887
1 0.224975 0.588852 0.378726 0.449642 0.733081 -0.484835
1 0.714176 0.444246 0.407252 0.449088 -0.130376 -1.012516
1 0.344366 0.342852 0.405630 0.447955 -0.748013 -0.652152
1 0.780161 0.762844 0.381133 0.443151 -0.980306 0.065341
1 0.450773 0.545336 0.381209 0.451032 -0.989159 0.008118
1 0.320899 0.363398 0.383555 0.450203 -0.829755 0.550094
1 0.205329 0.339583 0.367260 0.449348 -0.843914 0.505978
1 0.791333 0.531463 0.365876 0.473733 -0.802506 0.590466
1 0.650227 0.585826 0.399196 0.466281 -0.103372 1.042124
1 0.164040 0.407065 0.335093 0.459783 -0.083845 1.032860
1 0.178737 0.259349 0.354608 0.483946 0.434117 0.943580
1 0.469313 0.244696 0.385087 0.476683 0.387724 0.881949
1 0.312284 0.661609 0.369403 0.460639 0.880054 0.383275
1 0.328092 0.477904 0.377323 0.470569 0.900357 0.460270
1 0.754317 0.239103 0.387871 0.453193 -0.596687 -0.787934
1 0.728139 0.294445 0.389952 0.462205 0.306310 0.939725
1 0.251561 0.760373 0.393021 0.464289 0.982067 0.033591
1 0.330500 0.751115 0.383531 0.473682 0.472450 -0.892060
1 0.362237 0.703745 0.380553 0.470513 -0.003515 -0.964689
1 0.214462 0.780084 0.375215 0.445386 0.560622 0.816324
1 0.798870 0.778867 0.374416 0.445728 0.381382 -0.926498
1 0.558336 0.718974 0.369136 0.484808 -0.291578 -0.918964
1 0.335821 0.394373 0.381426 0.486784 0.999275 0.052358
1 0.347278 0.369156 0.377468 0.469960 -0.892039 -0.135224
1 0.313456 0.360317 0.385856 0.447977 -0.968746 0.144864
1 0.282872 0.420590 0.368336 0.450009 -0.170645 0.985041
1 0.499406 0.391204 0.379763 0.468403 -0.346855 -0.965841
2 0.209459 0.857460 0.273937 0.197517 -0.093498 0.777164
2 0.714448 0.794310 0.277740 0.208647 -0.034332 1.031479
2 0.401550 0.261936 0.277385 0.198439 -0.081617 1.042429
2 0.745891 0.665568 0.298439 0.374854 0.773194 0.592501
2 0.697400 0.293134 0.212748 0.347724 0.956374 0.193526
2 0.168122 0.222922 0.247799 0.369943 0.857844 -0.459245
2 0.240478 0.331727 0.332392 0.329142 -0.460742 -0.909321
2 0.729933 0.323656 0.229919 0.375002 0.944674 0.292070
2 0.544315 0.497778 0.280148 0.377689 0.842398 -0.450256
2 0.529594 0.556547 0.321144 0.310004 0.524151 0.913228
2 0.311934 0.751136 0.319051 0.322771 -0.584043 -0.841998
2 0.506716 0.752877 0.319407 0.336670 -0.470502 -0.964856
2 0.572500 0.565021 0.272291 0.373962 0.900680 -0.436452
2 0.570235 0.795263 0.271944 0.371615 0.802847 0.506388
2 0.827236 0.782422 0.282767 0.240909 0.170593 1.031757
2 0.590657 0.426232 0.297209 0.292484 0.376785 -0.965251
2 0.326600 0.642721 0.290547 0.371716 -0.839621 -0.539475
2 0.714122 0.698382 0.326435 0.353357 -0.585325 0.812061
2 0.597984 0.439348 0.269504 0.205113 -0.074197 1.110100
2 0.233234 0.247777 0.299037 0.231377 -0.134903 -1.013824
2 0.286312 0.795536 0.322329 0.308041 0.474223 -0.882355
2 0.296253 0.283909 0.291092 0.362616 0.817606 -0.604881
2 0.137631 0.195182 0.248137 0.364188 0.935836 0.278789
2 0.194915 0.676901 0.204534 0.350491 0.964481 -0.154884
2 0.147812 0.808577 0.262415 0.356976 -0.867439 0.342972
2 0.842575 0.781214 0.273085 0.374631 -0.815770 0.531244
2 0.862400 0.783060 0.173321 0.346143 1.003659 0.007993
2 0.826216 0.638576 0.317387 0.352882 -0.607716 -0.779758
2 0.802700 0.640548 0.246660 0.391073 -0.912293 -0.292964
2 0.860323 0.652732 0.279775 0.372808 0.874539 0.512845
2 0.464680 0.732116 0.329871 0.330864 0.522854 -0.875479
2 0.750016 0.642450 0.299822 0.364278 -0.736252 -0.679574
2 0.760601 0.674718 0.243415 0.368537 -0.959798 0.322904
2 0.687219 0.655178 0.309893 0.375850 0.702538 0.725902
2 0.687541 0.772967 0.305596 0.343653 0.689340 -0.719564
2 0.629186 0.524938 0.313969 0.323518 0.569483 -0.836577
2 0.702840 0.455752 0.310582 0.334044 -0.560799 0.837419
2 0.750111 0.799663 0.299879 0.286796 0.370007 -1.018395
2 0.826856 0.405578 0.279857 0.377154 -0.880781 0.504804
2 0.832069 0.424439 0.300285 0.366169 0.756988 0.667980
2 0.853022 0.318667 0.218252 0.383875 0.982103 0.193198
2 0.827639 0.256137 0.289352 0.276990 -0.281636 -0.984519
2 0.834221 0.241562 0.249698 0.385466 -0.896596 -0.263345
2 0.800570 0.241112 0.322438 0.338505 -0.559338 0.803540
2 0.802650 0.244730 0.288376 0.238035 0.145414 0.989287
2 0.738037 0.195446 0.212242 0.343428 0.961144 -0.182381
2 0.746551 0.178090 0.310408 0.333902 0.624625 -0.776146
2 0.703306 0.169859 0.322917 0.299913 -0.369436 0.923913
2 0.678249 0.186271 0.312999 0.344354 0.640171 0.747441
2 0.574936 0.220454 0.310892 0.299477 0.466232 -0.919145
2 0.561837 0.172758 0.193921 0.335158 -0.979883 -0.074383
2 0.343308 0.218201 0.248457 0.376533 0.912178 -0.407355
2 0.363411 0.215979 0.308941 0.352947 0.608249 -0.791222
2 0.354423 0.167130 0.308812 0.286833 -0.306037 0.979680
2 0.623586 0.529097 0.240179 0.386910 -0.947750 -0.211861
2 0.716467 0.677278 0.311406 0.337684 0.609120 0.848620
2 0.802976 0.636200 0.259634 0.367123 0.931737 0.419874
2 0.520809 0.376323 0.295127 0.365232 0.743853 -0.682194
2 0.372214 0.393822 0.189934 0.360023 -0.958468 -0.042862
2 0.454295 0.595020 0.175439 0.341180 0.979559 -0.047301
2 0.455716 0.663500 0.159031 0.332706 0.969657 -0.014666
2 0.298981 0.795572 0.234291 0.362524 0.886401 -0.372323
2 0.397370 0.448835 0.252357 0.373238 0.921618 -0.346439
2 0.465198 0.168279 0.304419 0.310043 0.637967 -0.713826
2 0.745538 0.195377 0.297846 0.341513 0.552442 -0.799102
2 0.188902 0.531311 0.296171 0.347041 0.635575 -0.760184
2 0.388841 0.701304 0.260082 0.178414 0.060504 -0.991813
2 0.219015 0.324103 0.276943 0.177184 0.002718 -0.925498
2 0.755196 0.706275 0.309052 0.357172 -0.708684 -0.737235
2 0.405713 0.623396 0.304197 0.366384 -0.745181 -0.694499
2 0.707001 0.797280 0.300665 0.349970 -0.705452 -0.667541
2 0.824201 0.808470 0.219475 0.345755 -0.967315 -0.262016
2 0.428115 0.718510 0.288160 0.363327 -0.724863 -0.706037
2 0.832564 0.610663 0.240185 0.380756 -0.936231 -0.366340
2 0.132361 0.217812 0.241127 0.374627 -0.940213 -0.302403
2 0.318982 0.200752 0.148001 0.336103 -1.012911 0.013987
2 0.516259 0.752378 0.303661 0.372435 -0.679442 0.769032
2 0.580247 0.241176 0.270000 0.194944 0.059406 1.043109
2 0.411860 0.681236 0.273582 0.203170 -0.081621 0.914531
2 0.803219 0.667318 0.264262 0.192236 -0.079254 0.943976
2 0.697293 0.661806 0.311535 0.323859 0.507330 0.886467
2 0.617866 0.436898 0.159912 0.338624 1.021257 0.014630
2 0.162899 0.608443 0.249573 0.364586 0.949611 0.361979
2 0.696405 0.628456 0.230455 0.354983 0.938217 0.335419
2 0.639091 0.775785 0.208504 0.371103 0.986594 0.227424
2 0.203610 0.267542 0.307686 0.329469 0.513856 -0.834409
2 0.167208 0.250946 0.277088 0.186642 -0.008259 -0.907786
2 0.778297 0.236832 0.160263 0.344893 -1.003369 0.039719
2 0.760241 0.239009 0.291904 0.355237 -0.758142 0.679614
2 0.505476 0.350642 0.168660 0.323444 -1.012539 0.031088
2 0.628154 0.362517 0.153881 0.326501 -0.999147 0.048882
2 0.478506 0.210661 0.143859 0.335224 -1.012327 0.007312
2 0.467185 0.192912 0.266180 0.190621 0.037104 0.995634
2 0.220331 0.472521 0.264765 0.373736 0.825889 -0.518184
2 0.205780 0.502447 0.312238 0.310603 -0.462101 0.869686
2 0.830842 0.442757 0.300445 0.326329 0.599072 -0.818127
2 0.657328 0.634140 0.309158 0.326198 -0.509661 0.861147
2 0.329899 0.676738 0.308338 0.286966 0.363517 -0.941415
2 0.352966 0.655749 0.301276 0.215034 -0.128814 -1.061931
2 0.341113 0.260418 0.317561 0.295852 -0.337945 -0.961050
2 0.772927 0.737038 0.279184 0.370984 0.913966 -0.398643
2 0.730745 0.342843 0.288286 0.350010 0.809615 -0.636825
2 0.592545 0.312848 0.300035 0.370799 0.752841 -0.695007
2 0.533724 0.300236 0.304165 0.302213 0.315562 -0.944327
2 0.417823 0.507529 0.312406 0.292690 0.357620 -0.981380
2 0.749393 0.794396 0.300768 0.286281 0.375273 -1.008072
2 0.731045 0.574389 0.291010 0.255900 0.238540 -1.053518
2 0.315927 0.247898 0.306960 0.350812 -0.619187 -0.785365
2 0.380792 0.550688 0.173043 0.334232 -0.956903 0.018578
2 0.277991 0.326086 0.176979 0.346836 -1.039658 0.013249
2 0.388989 0.342613 0.171015 0.325464 -1.007119 0.014202
2 0.502878 0.346017 0.168926 0.333465 -1.016349 0.005627
2 0.516875 0.315569 0.298140 0.376734 -0.712618 0.724585
2 0.523174 0.439597 0.308264 0.365023 -0.699727 0.732536
2 0.604938 0.699577 0.308508 0.369662 -0.690232 0.786618
2 0.253673 0.297048 0.279296 0.214621 -0.100342 0.982458
2 0.652706 0.426917 0.285864 0.365390 0.749087 0.683552
2 0.249571 0.778727 0.196524 0.365575 1.000462 0.135352
2 0.569701 0.779451 0.231887 0.367653 0.880576 0.356119
2 0.252032 0.548005 0.236305 0.371641 0.917793 0.316123
2 0.780910 0.297776 0.193065 0.353642 0.975065 0.094534
2 0.485782 0.312276 0.256789 0.388244 0.913453 -0.398567
2 0.467775 0.260411 0.291895 0.385023 -0.813294 -0.573997
2 0.698685 0.606328 0.264477 0.382528 0.909603 -0.379129
2 0.529013 0.517976 0.304960 0.273195 0.239693 -1.000412
2 0.528068 0.531038 0.266651 0.377466 0.872042 0.424165
2 0.297147 0.543933 0.289937 0.374883 0.829924 -0.557790
2 0.511181 0.764708 0.298092 0.363949 0.756043 -0.683612
2 0.509817 0.756287 0.310700 0.275398 0.296433 -0.952359
2 0.534457 0.764598 0.272693 0.186220 -0.027259 1.072501
2 0.553966 0.790261 0.309739 0.313147 0.481484 0.886330
2 0.741099 0.336464 0.211178 0.376423 -0.965629 0.147682
2 0.159192 0.398967 0.280372 0.360640 0.782373 -0.658301
2 0.195998 0.674776 0.193545 0.352918 0.950646 -0.166393
2 0.172644 0.685521 0.283037 0.372087 -0.818750 0.562926
2 0.174709 0.855681 0.273400 0.212919 -0.150777 -0.894692
2 0.176728 0.852271 0.333409 0.267744 0.375763 0.826849
2 0.394025 0.802690 0.290570 0.373887 0.826959 0.475262
2 0.453020 0.804902 0.315787 0.296528 0.401410 -0.910341
2 0.825812 0.635229 0.317063 0.353389 -0.663817 -0.752105
2 0.834503 0.611643 0.285362 0.220587 0.198734 1.020425
2 0.680773 0.457183 0.237090 0.364744 -0.964284 0.402731
2 0.802358 0.243161 0.276735 0.219815 0.126191 0.985128
2 0.822256 0.247271 0.299462 0.283433 0.379803 0.929751
2 0.738696 0.199138 0.208341 0.352555 0.940785 -0.244035
2 0.709115 0.179547 0.317862 0.295288 -0.424792 -0.946974
2 0.716885 0.197707 0.304233 0.355105 -0.754525 -0.661647
2 0.581127 0.221249 0.306798 0.300605 0.413225 -0.905619
2 0.559610 0.215596 0.302218 0.367189 0.676238 0.760972
2 0.342144 0.195211 0.183435 0.353438 -0.979185 0.033460
2 0.333032 0.181480 0.307293 0.354135 0.629871 0.796186
2 0.439226 0.437824 0.266156 0.384370 -0.948602 0.401597
2 0.367682 0.317982 0.310318 0.310126 0.509159 0.883147
2 0.439862 0.741914 0.172823 0.339536 0.949681 -0.071675
2 0.510459 0.705538 0.223056 0.363852 -0.941002 -0.230133
2 0.541030 0.712004 0.245325 0.370733 0.934199 -0.340047
2 0.623779 0.528580 0.235040 0.373579 -0.940902 -0.298852
2 0.587664 0.815148 0.318428 0.323261 0.574480 -0.854413
2 0.221784 0.584794 0.319688 0.302876 0.461201 -0.906071
2 0.757976 0.180225 0.151056 0.307813 0.943760 -0.030584
2 0.266477 0.418906 0.156300 0.323126 0.985868 0.000887
2 0.815635 0.806689 0.153086 0.336791 0.955292 -0.013104
2 0.423513 0.778813 0.219144 0.357036 0.962060 -0.292952
2 0.705094 0.646434 0.261336 0.364195 0.918832 -0.468087
2 0.178271 0.675402 0.261998 0.380473 0.875005 -0.482174
2 0.728465 0.435428 0.246974 0.377560 0.904063 -0.488526
2 0.196241 0.215516 0.266419 0.384750 0.831377 -0.526474
2 0.832217 0.337714 0.289679 0.325000 0.581432 -0.852220
2 0.182571 0.531290 0.303658 0.348416 0.607909 -0.797682
2 0.373333 0.791610 0.320529 0.315039 0.574863 -0.775562
2 0.197061 0.837980 0.273041 0.183946 0.056185 -1.064118
2 0.715041 0.507866 0.262668 0.183142 -0.016786 -1.065411
2 0.606116 0.147998 0.280106 0.211303 -0.114442 -1.005331
2 0.150344 0.556008 0.220938 0.369475 -0.938287 -0.216850
2 0.435074 0.596274 0.237578 0.366988 -0.900969 -0.336119
2 0.589228 0.626803 0.249579 0.376583 -0.948010 -0.330195
2 0.180032 0.210530 0.146877 0.330267 -1.010456 0.033046
2 0.610690 0.457739 0.154546 0.322014 -1.006963 0.044319
2 0.787265 0.299250 0.298931 0.322374 -0.580540 0.842729
2 0.225899 0.449114 0.266529 0.199208 0.071552 1.050633
2 0.223210 0.648620 0.302342 0.318252 0.472714 0.897331
2 0.502714 0.625335 0.234277 0.368768 0.923179 0.355044
2 0.862652 0.629273 0.230753 0.369675 0.928916 0.401921
2 0.642994 0.763908 0.216019 0.365676 0.934112 0.258393
2 0.527307 0.496776 0.304068 0.255956 0.289250 -1.014774
2 0.530664 0.507744 0.304704 0.361806 -0.735184 -0.709008
2 0.546353 0.512926 0.271629 0.382960 -0.852325 0.572602
2 0.144300 0.240923 0.289778 0.358884 0.821446 -0.617620
2 0.200102 0.270043 0.311536 0.324229 0.510352 -0.836435
2 0.169497 0.253321 0.276991 0.185755 -0.009497 -0.955284
2 0.157697 0.294748 0.196743 0.343614 -0.947204 0.148232
2 0.169929 0.241539 0.198884 0.352737 0.955602 0.094396
2 0.779439 0.241643 0.269195 0.379173 -0.854955 -0.478730
2 0.822832 0.244049 0.265869 0.357918 0.860832 0.568285
2 0.212466 0.788009 0.296875 0.342501 0.728035 0.668673
2 0.170935 0.765301 0.259701 0.364237 0.893093 0.382926
2 0.506041 0.811351 0.313568 0.270488 0.324343 -0.950945
2 0.532974 0.754910 0.298357 0.368827 -0.815537 -0.589834
2 0.309904 0.360127 0.160271 0.333402 0.975314 0.023560
2 0.264077 0.702386 0.227882 0.365980 0.941488 0.302462
3 0.523162 0.557687 0.603774 0.634240 -0.598493 -0.848220
3 0.435490 0.676594 0.593657 0.613612 -0.562053 -0.823455
3 0.387929 0.599550 0.598524 0.688688 -0.642959 -0.788842
3 0.390001 0.432673 0.286992 0.667523 -1.008037 -0.018061
3 0.357801 0.400127 0.577912 0.716569 -0.712294 0.683130
3 0.357123 0.451464 0.588153 0.742045 -0.723193 0.679879
3 0.455903 0.517815 0.568144 0.753359 -0.805751 0.618245
3 0.638511 0.516181 0.538600 0.710769 -0.741233 0.619033
3 0.704774 0.488726 0.538051 0.711161 -0.748325 0.629596
3 0.601180 0.602045 0.566008 0.713210 -0.722738 0.622917
3 0.426873 0.222382 0.543368 0.340431 0.025658 1.067035
3 0.399740 0.458122 0.577903 0.336785 -0.020293 1.019530
3 0.372037 0.544889 0.557001 0.313246 0.001559 1.077242
3 0.530706 0.654952 0.571558 0.374700 -0.127850 1.050637
3 0.371522 0.750717 0.552887 0.310996 0.006500 1.037959
3 0.355207 0.446299 0.541140 0.732525 0.866110 -0.557731
3 0.300718 0.548820 0.628094 0.603902 0.437592 -0.922719
3 0.344215 0.687104 0.555736 0.313002 -0.016917 -1.022320
3 0.560949 0.547494 0.336264 0.698946 -1.002318 -0.144874
3 0.431669 0.543519 0.620502 0.601622 0.498726 -0.931591
3 0.479945 0.482238 0.580799 0.705067 -0.700694 -0.730277
3 0.550041 0.607994 0.599625 0.444356 0.216482 -0.991800
3 0.453452 0.423660 0.571674 0.331074 0.018056 -1.019618
3 0.380595 0.400050 0.517674 0.762043 -0.894863 0.504349
3 0.518510 0.454327 0.263620 0.697724 0.974238 0.037918
3 0.504919 0.529559 0.483373 0.720770 -0.908900 0.415675
3 0.485461 0.514276 0.608155 0.488523 0.264198 -0.980359
3 0.239939 0.531572 0.301856 0.648137 -1.064057 -0.095439
3 0.604995 0.550788 0.262205 0.682644 -1.021332 0.050765
3 0.661338 0.490581 0.509588 0.711306 -0.828307 0.542304
3 0.318561 0.554487 0.547492 0.715255 -0.849312 0.593932
3 0.565113 0.388312 0.257357 0.661045 1.126831 -0.010973
3 0.610061 0.318410 0.557325 0.303321 0.093024 1.082098
3 0.452368 0.408710 0.543326 0.307640 -0.026305 1.047636
3 0.622803 0.532303 0.574916 0.303089 -0.037012 1.044544
3 0.240443 0.503452 0.513616 0.719651 0.867528 0.567088
3 0.541681 0.408047 0.550765 0.690697 0.830662 0.581497
3 0.516437 0.575370 0.572268 0.685386 0.798422 0.644181
3 0.210788 0.453071 0.282139 0.673432 0.985166 -0.024839
3 0.295676 0.440328 0.281135 0.685135 1.060948 0.004945
3 0.449669 0.401364 0.258922 0.674134 1.021254 -0.013704
3 0.395602 0.618707 0.543043 0.716679 0.752310 -0.752517
3 0.223968 0.442748 0.301739 0.664672 0.969225 0.042692
3 0.475565 0.755713 0.563070 0.326434 0.000027 -1.015900
3 0.606833 0.752459 0.598969 0.352607 -0.065299 -1.042835
3 0.715071 0.699084 0.545466 0.615332 -0.763912 -0.724092
3 0.608609 0.499381 0.514582 0.716951 -0.872175 0.528383
3 0.453442 0.512031 0.559958 0.710791 0.858129 -0.566406
3 0.527354 0.600890 0.581498 0.345759 -0.048893 -1.044856
3 0.542919 0.473887 0.592745 0.639941 -0.643009 0.811863
3 0.432949 0.481987 0.485194 0.730122 -0.894085 0.465176
3 0.372201 0.531156 0.508228 0.711274 0.903495 -0.478719
3 0.380088 0.547708 0.575185 0.670233 0.654074 -0.782983
3 0.552877 0.510566 0.321584 0.680474 1.036522 0.094957
3 0.547319 0.553851 0.516134 0.747444 -0.839095 -0.539184
3 0.763245 0.484267 0.263035 0.698362 0.979206 -0.050506
3 0.456443 0.620425 0.566451 0.414490 0.206732 -1.012975
3 0.438231 0.435342 0.342597 0.707202 0.998467 0.096913
3 0.451286 0.611267 0.281603 0.656685 0.989202 -0.001296
3 0.476877 0.640895 0.501276 0.703169 0.872187 0.504781
3 0.563477 0.625870 0.520604 0.716309 0.867908 0.533457
3 0.452803 0.294919 0.581913 0.607884 0.670008 0.742364
3 0.665753 0.188686 0.543184 0.308744 -0.064512 1.015604
3 0.683699 0.744627 0.547675 0.319577 -0.062960 1.056528
3 0.271737 0.482985 0.550593 0.702798 0.885484 -0.717047
3 0.339839 0.552633 0.628024 0.551906 -0.418973 0.941664
3 0.597093 0.376465 0.603705 0.614538 -0.516322 0.808310
3 0.314855 0.655476 0.537837 0.697766 -0.815345 0.564207
3 0.655397 0.376493 0.505304 0.715895 -0.881205 -0.476224
3 0.820087 0.391112 0.366790 0.686229 -0.901978 -0.485774
3 0.654567 0.532675 0.516864 0.723233 -0.873033 -0.529999
3 0.568495 0.515965 0.550305 0.702894 0.893623 -0.571945
3 0.723626 0.780177 0.585358 0.489288 -0.368059 -0.911866
3 0.604280 0.758339 0.601979 0.462737 -0.379495 -0.902268
3 0.332984 0.759478 0.611080 0.476232 -0.358190 -0.963049
3 0.437164 0.647214 0.550958 0.315119 0.040755 -1.046237
3 0.280653 0.788612 0.601493 0.486293 0.379639 -0.984334
3 0.274426 0.489421 0.578228 0.539213 0.387373 -0.908753
3 0.585009 0.367197 0.566967 0.687024 0.806304 -0.613056
3 0.504493 0.504636 0.541901 0.705645 0.840510 -0.594573
3 0.474556 0.611285 0.576186 0.386900 -0.141453 -0.982120
3 0.325163 0.354319 0.585543 0.664076 -0.704288 -0.729409
3 0.296711 0.396813 0.382544 0.708038 -0.964070 -0.288819
3 0.292352 0.394879 0.319520 0.696552 -0.991168 0.103703
3 0.318851 0.297284 0.648403 0.586324 -0.486387 0.897983
3 0.186826 0.358322 0.320650 0.675562 0.961074 0.179962
3 0.646000 0.251816 0.574594 0.327882 0.034726 -1.027430
3 0.256443 0.723462 0.540067 0.583101 0.671307 -0.821161
3 0.327646 0.757027 0.608031 0.483135 -0.425968 -0.933844
3 0.670071 0.664885 0.508511 0.674323 0.900420 -0.406536
3 0.667865 0.748807 0.578425 0.405666 0.186428 -1.004687
3 0.687651 0.642966 0.552857 0.696079 0.854236 0.558489
3 0.685634 0.631779 0.341427 0.687034 0.966139 0.168032
3 0.763339 0.447650 0.434906 0.745264 -0.846301 0.527509
3 0.317174 0.583106 0.588343 0.659674 -0.653597 -0.807560
3 0.264839 0.546477 0.345060 0.661269 -1.004250 -0.142668
3 0.432947 0.376999 0.440671 0.717424 0.973993 -0.337603
3 0.457031 0.311750 0.562549 0.341027 -0.027726 -1.012359
3 0.455160 0.357873 0.598973 0.534920 -0.423440 -0.904422
3 0.552022 0.287310 0.570192 0.583740 -0.694197 0.694136
3 0.530412 0.518787 0.380581 0.708382 -0.975616 0.205312
3 0.509741 0.488267 0.626996 0.680444 -0.721515 -0.730291
3 0.564546 0.389567 0.276626 0.663215 1.069892 0.012326
3 0.377961 0.390613 0.294233 0.663673 1.022965 -0.025052
3 0.686406 0.551726 0.280149 0.677636 1.000500 0.018427
3 0.438894 0.240745 0.587985 0.358057 0.109306 -1.008770
3 0.523814 0.490433 0.565920 0.349204 0.111106 -1.064275
3 0.483897 0.679886 0.561655 0.345159 0.068623 -1.078107
3 0.579352 0.406161 0.647370 0.640149 -0.615021 -0.836873
3 0.443866 0.679577 0.610123 0.610092 -0.572868 -0.863989
3 0.311059 0.426886 0.313830 0.707182 -0.985173 -0.056741
3 0.761190 0.448781 0.260741 0.672470 -0.956888 0.018569
3 0.269809 0.583031 0.296475 0.693476 -0.981489 -0.036921
3 0.699908 0.415975 0.530024 0.698731 -0.799758 0.592367
3 0.702937 0.494253 0.545922 0.711430 -0.757322 0.660868
3 0.595636 0.605001 0.584220 0.705285 -0.719748 0.671651
3 0.645623 0.479039 0.565533 0.316164 -0.024523 1.032590
3 0.418162 0.561910 0.514637 0.727826 0.920817 -0.547159
3 0.427916 0.448585 0.415497 0.709161 -0.924873 0.280520
3 0.469841 0.562248 0.590673 0.673820 0.750349 -0.778308
3 0.489999 0.682093 0.562462 0.379276 -0.125482 -1.074171
3 0.453694 0.632455 0.621173 0.552782 -0.404346 -0.948084
3 0.466951 0.542439 0.487400 0.738897 0.937220 -0.525402
3 0.452108 0.413069 0.373411 0.687314 -0.965942 0.175885
3 0.448887 0.504556 0.276539 0.685912 -1.004493 0.045346
3 0.352557 0.425257 0.571566 0.717019 0.821595 0.598723
3 0.271584 0.529455 0.295852 0.681276 0.972972 0.048916
3 0.508545 0.606008 0.552880 0.325650 0.062219 -1.042357
3 0.756501 0.376235 0.502256 0.707691 -0.897026 0.559109
3 0.701453 0.411353 0.595184 0.661073 -0.565860 0.829033
3 0.508633 0.224787 0.557782 0.319581 -0.020121 1.047702
3 0.398374 0.316280 0.582523 0.292598 -0.057198 1.065019
3 0.419906 0.622218 0.602878 0.618006 0.450633 0.887872
3 0.220492 0.322349 0.465914 0.644997 0.864735 0.452802
3 0.604643 0.436011 0.587496 0.698558 0.810489 0.646492
3 0.593137 0.611529 0.572235 0.680913 0.828166 -0.678350
3 0.603092 0.324399 0.547453 0.317005 0.009545 -1.041061
3 0.611444 0.419696 0.546152 0.318540 -0.000172 -1.047319
3 0.602445 0.499603 0.515087 0.707467 -0.837470 0.563987
3 0.415067 0.509640 0.639156 0.627255 0.582637 0.840919
3 0.543445 0.491755 0.540063 0.730860 -0.822191 0.570871
3 0.435364 0.483744 0.621578 0.515280 -0.353068 -0.957469
3 0.524206 0.521855 0.614244 0.457010 0.257323 1.020902
3 0.458064 0.542231 0.578334 0.335438 0.058251 -1.052025
3 0.471070 0.425977 0.580935 0.339420 -0.096865 1.092837
3 0.421292 0.555668 0.583310 0.374353 -0.101141 -1.040502
3 0.455770 0.470342 0.665598 0.625942 -0.526007 0.932494
3 0.623753 0.562283 0.608294 0.654953 0.583543 -0.873528
3 0.609016 0.620428 0.582345 0.318945 0.030181 -1.048278
3 0.606583 0.599157 0.611658 0.609146 -0.500347 -0.921006
3 0.842529 0.357460 0.265573 0.640428 1.014212 -0.007200
3 0.779500 0.505947 0.288998 0.678119 1.001438 0.068284
3 0.633678 0.632643 0.278042 0.697971 1.018637 0.069895
3 0.364861 0.606055 0.276812 0.688471 0.961305 0.057504
3 0.568652 0.629694 0.501166 0.719889 0.885248 0.499985
3 0.391459 0.474068 0.523506 0.694756 0.879209 0.553904
3 0.678559 0.304532 0.536209 0.636462 0.893319 0.547543
3 0.600729 0.298012 0.604460 0.626726 0.665995 0.811750
3 0.227762 0.289342 0.511824 0.577469 0.741866 0.758926
3 0.602212 0.440176 0.625146 0.681938 0.720884 0.713972
3 0.671576 0.532422 0.593304 0.569040 0.524134 0.870438
3 0.596282 0.392091 0.617822 0.562504 0.456647 0.960897
3 0.397982 0.179660 0.546306 0.297716 -0.016971 1.025873
3 0.697131 0.743378 0.555493 0.315797 -0.059613 1.023981
3 0.467805 0.749940 0.576935 0.295310 -0.061135 1.028505
3 0.681066 0.686351 0.629291 0.550490 -0.529950 0.887063
3 0.329548 0.405226 0.647593 0.580961 -0.485037 0.881495
3 0.314130 0.439830 0.543623 0.713718 -0.818289 0.570606
3 0.420782 0.640769 0.263202 0.640501 -0.980284 0.024740
3 0.292395 0.630118 0.281277 0.656531 -0.975011 0.082622
3 0.389135 0.400229 0.480415 0.728812 -0.847953 -0.436004
3 0.508290 0.526083 0.540361 0.727818 -0.859243 -0.525657
3 0.505229 0.755049 0.629958 0.489799 -0.396384 -0.950074
3 0.456989 0.450163 0.613414 0.566306 -0.439157 -0.910246
3 0.337026 0.466127 0.586416 0.592428 -0.400277 -0.892217
3 0.510148 0.316986 0.609404 0.550906 -0.480624 -0.903276
3 0.377795 0.750063 0.649000 0.517223 0.502020 -0.944652
3 0.563272 0.322436 0.591120 0.589590 0.507785 -0.899531
3 0.377141 0.495048 0.525075 0.704096 0.860511 -0.525906
3 0.487169 0.638961 0.620452 0.565700 -0.455468 -0.923716
3 0.501520 0.471783 0.577769 0.297142 -0.024968 1.118091
3 0.329492 0.357840 0.578677 0.670537 -0.666404 -0.756466
3 0.318461 0.297157 0.621040 0.583126 -0.498577 0.895006
3 0.209077 0.324879 0.424165 0.604702 0.904909 0.417808
3 0.185006 0.353481 0.341398 0.666071 0.969124 0.182620
3 0.728881 0.394849 0.561638 0.592799 -0.544429 -0.864079
3 0.705679 0.202010 0.536122 0.312224 0.001336 1.036159
3 0.302405 0.790386 0.554215 0.309372 -0.005095 -1.021086
3 0.314726 0.620309 0.586196 0.714251 -0.760045 0.684524
3 0.318049 0.627074 0.612114 0.630408 -0.511501 0.872371
3 0.311281 0.734066 0.570001 0.504518 0.306711 0.921431
3 0.706719 0.636081 0.458694 0.695068 0.957997 -0.439040
3 0.675846 0.460068 0.422678 0.715987 0.955280 -0.425326
3 0.698801 0.610385 0.603947 0.512353 -0.331613 -0.958492
3 0.682668 0.516082 0.616359 0.641284 0.594612 0.844581
3 0.259384 0.570547 0.541408 0.623380 0.613566 -0.850813
3 0.315296 0.543105 0.613045 0.581699 -0.457568 0.872888
3 0.244104 0.520643 0.476893 0.704455 0.768373 0.654470
3 0.485339 0.357160 0.622975 0.629575 -0.581628 -0.848906
3 0.514337 0.196033 0.606432 0.431195 -0.329652 0.990165
4 0.681681 0.564841 0.584820 0.703631 -0.773685 0.679606
4 0.533747 0.350569 0.678107 0.578385 -0.456757 0.982254
4 0.542987 0.532933 0.599301 0.543102 -0.394437 0.918447
4 0.701814 0.520736 0.579608 0.511112 0.410586 0.994739
4 0.324464 0.553592 0.558807 0.736273 0.856221 0.561762
4 0.564702 0.693360 0.566953 0.659434 0.826488 0.557360
4 0.501693 0.438821 0.468656 0.753057 0.845135 -0.397991
4 0.559110 0.561730 0.623890 0.646420 0.563280 0.905911
4 0.642775 0.334105 0.628499 0.651827 -0.567095 -0.812426
4 0.734235 0.537290 0.400691 0.748516 0.923237 -0.396204
4 0.680701 0.575237 0.585034 0.531700 0.367530 -0.937222
4 0.311318 0.747061 0.585895 0.441054 -0.224007 1.021137
4 0.809661 0.610537 0.333175 0.729151 0.963271 -0.147597
4 0.340560 0.575003 0.552631 0.332921 0.102877 1.096304
4 0.669976 0.471737 0.594259 0.465435 -0.333426 -0.970891
4 0.580948 0.401757 0.337695 0.694961 0.999660 -0.184413
4 0.454442 0.518870 0.539059 0.726974 0.771629 -0.645466
4 0.515140 0.659599 0.582788 0.659206 0.727998 0.760947
4 0.563320 0.474193 0.553875 0.293555 0.058012 1.062513
4 0.439271 0.447903 0.640054 0.584168 0.499438 -0.942698
4 0.658459 0.302882 0.495941 0.661323 0.852902 -0.480201
4 0.552855 0.554969 0.516886 0.740892 0.806529 -0.615818
4 0.627645 0.296000 0.564952 0.632861 0.701902 -0.713159
4 0.681840 0.407290 0.582332 0.663605 0.633797 -0.766880
4 0.336132 0.626284 0.622964 0.527019 0.436628 -0.972015
4 0.681910 0.544136 0.570265 0.458326 0.272135 -0.940523
4 0.550226 0.241629 0.575033 0.350445 -0.080298 -1.006739
4 0.578980 0.390095 0.605216 0.622949 -0.537144 -0.870856
4 0.652636 0.541607 0.605447 0.602101 -0.474447 -0.909955
4 0.525696 0.469021 0.460152 0.716699 -0.909217 -0.460597
4 0.653916 0.638586 0.520084 0.692004 -0.896085 -0.526741
4 0.621605 0.364026 0.616436 0.655982 -0.588766 0.800768
4 0.431089 0.310933 0.613607 0.421218 -0.214394 0.999678
4 0.337885 0.785440 0.570426 0.333725 -0.124168 1.060948
4 0.648160 0.246158 0.619169 0.507181 0.313733 -0.937076
4 0.666489 0.720721 0.544882 0.301257 0.069773 1.094278
4 0.510067 0.389655 0.567717 0.691561 0.761100 0.576095
4 0.776851 0.661181 0.460954 0.692242 0.865628 0.486211
4 0.658337 0.661364 0.505234 0.701412 0.853499 0.511562
4 0.399246 0.389810 0.379227 0.743492 0.991360 0.254414
4 0.433075 0.598976 0.415694 0.715237 0.924246 0.252447
4 0.648831 0.301820 0.591389 0.634231 -0.581366 -0.803593
4 0.219985 0.668590 0.489618 0.666088 -0.836331 0.467341
4 0.389587 0.392357 0.397137 0.765139 -0.946668 -0.318616
4 0.398288 0.393184 0.478846 0.744708 0.924964 0.395349
4 0.729592 0.656778 0.542779 0.637536 0.634594 -0.850097
4 0.649452 0.269664 0.560633 0.576919 -0.632771 -0.733530
4 0.286498 0.352862 0.257437 0.638719 0.991853 -0.018918
4 0.354860 0.345575 0.256058 0.653057 0.967104 -0.022232
4 0.854039 0.333305 0.234516 0.649073 1.039970 -0.031138
4 0.396331 0.633192 0.291841 0.669800 1.021128 -0.060045
4 0.746674 0.612897 0.435407 0.732077 0.897178 -0.445728
4 0.430778 0.612766 0.437928 0.723234 0.911699 -0.417872
4 0.808853 0.381103 0.410636 0.733957 0.905811 -0.490921
4 0.811331 0.300464 0.413912 0.623213 0.892445 -0.496142
4 0.738263 0.246473 0.561428 0.492186 0.604418 -0.826324
4 0.292228 0.251266 0.603312 0.526109 -0.526565 -0.907799
4 0.677823 0.650049 0.600914 0.567009 -0.417989 -0.928037
4 0.543046 0.673588 0.580020 0.541052 -0.437844 -0.916753
4 0.680295 0.360833 0.311552 0.698692 1.000496 -0.106123
4 0.289470 0.298410 0.540285 0.651180 -0.831556 -0.538840
4 0.576859 0.301907 0.534471 0.667406 -0.819595 -0.562546
4 0.647609 0.299361 0.526185 0.638897 -0.834665 -0.555933
4 0.253208 0.360689 0.246786 0.666117 -1.018110 0.022814
4 0.143832 0.339955 0.224054 0.655356 -0.994542 -0.006306
4 0.222713 0.470441 0.248146 0.664813 -1.076370 0.001026
4 0.824019 0.445025 0.241199 0.672269 -1.042005 -0.000568
4 0.841407 0.632834 0.246723 0.646367 -1.044456 0.028960
4 0.774520 0.627959 0.245753 0.682429 -0.996998 0.036686
4 0.525044 0.652335 0.248118 0.666108 -1.007404 0.043739
4 0.467846 0.556678 0.506728 0.707344 -0.852432 0.515734
4 0.275195 0.534495 0.458729 0.722388 -0.897531 0.507675
4 0.179756 0.371906 0.351333 0.706134 -0.864162 0.432879
4 0.409979 0.644602 0.630829 0.663587 -0.563315 -0.874140
4 0.429261 0.764967 0.616976 0.440449 -0.297116 0.999580
4 0.667713 0.636005 0.610115 0.529020 -0.473429 0.894391
4 0.312000 0.454281 0.601044 0.476356 -0.325157 0.951597
4 0.575523 0.226227 0.564686 0.280282 0.021316 1.028382
4 0.446003 0.214970 0.574828 0.300632 0.010126 1.009070
4 0.399720 0.394242 0.522012 0.752397 0.839593 0.531908
4 0.705580 0.700409 0.516997 0.639602 0.904244 0.598257
4 0.519104 0.457029 0.418640 0.711394 0.934002 -0.362502
4 0.450504 0.497900 0.588301 0.667336 -0.662013 -0.770978
4 0.473351 0.550888 0.246926 0.636011 -1.012802 0.009951
4 0.544276 0.612802 0.575656 0.319220 -0.066624 1.028339
4 0.556882 0.608102 0.605702 0.486496 0.293269 0.956849
4 0.319688 0.333411 0.544232 0.664228 0.795606 -0.645231
4 0.266924 0.463719 0.542407 0.696301 -0.750872 0.648041
4 0.296248 0.391839 0.249216 0.640841 1.022357 0.000455
4 0.687468 0.650138 0.569462 0.657738 -0.707378 -0.756101
4 0.702055 0.631171 0.542931 0.693796 -0.805921 -0.634502
4 0.697841 0.712184 0.568586 0.593276 -0.640310 0.812004
4 0.331075 0.655446 0.595090 0.411552 -0.215227 -0.993496
4 0.300023 0.519409 0.571087 0.470789 -0.258636 -0.961827
4 0.401489 0.478699 0.375829 0.695440 1.021076 -0.218593
4 0.728238 0.573093 0.315642 0.693918 -0.993107 0.146223
4 0.679830 0.574897 0.594810 0.623959 -0.638037 0.777837
4 0.427936 0.417580 0.412197 0.700864 -0.924536 0.308373
4 0.469898 0.451227 0.615821 0.379202 -0.138864 1.020020
4 0.553780 0.348860 0.603545 0.675149 0.646474 0.786236
4 0.547235 0.300829 0.563729 0.653115 0.783422 -0.602570
4 0.549675 0.419790 0.576921 0.731274 0.734658 -0.634982
4 0.315690 0.399069 0.579681 0.728947 0.728529 -0.715860
4 0.682082 0.392892 0.631694 0.543606 0.357261 -0.887298
4 0.498835 0.405666 0.644045 0.535456 0.321487 -0.950535
4 0.648814 0.236197 0.591495 0.319371 -0.025084 -0.962016
4 0.546377 0.485307 0.552480 0.329059 -0.010544 -0.986925
4 0.312773 0.505996 0.561213 0.351726 -0.081194 -1.090346
4 0.671615 0.760805 0.574467 0.338642 0.017512 -1.034351
4 0.509545 0.259542 0.616937 0.520555 -0.550883 -0.865524
4 0.300799 0.673802 0.615734 0.658227 -0.632369 -0.815905
4 0.658471 0.347937 0.505455 0.681082 -0.931999 -0.503663
4 0.299268 0.390916 0.338206 0.685996 -1.057243 0.099868
4 0.760425 0.635013 0.344613 0.681944 -0.987044 0.096844
4 0.325659 0.622026 0.328542 0.704958 -1.006926 0.136860
4 0.246959 0.406145 0.571827 0.688243 -0.797461 0.635321
4 0.590609 0.370815 0.625307 0.710788 -0.734683 0.727847
4 0.677654 0.556371 0.563451 0.732455 -0.722241 0.666730
4 0.341053 0.236593 0.589499 0.315421 0.051540 1.025723
4 0.447156 0.238073 0.574726 0.315123 0.035364 1.024749
4 0.515843 0.247004 0.586911 0.342823 0.132301 1.101481
4 0.595708 0.646730 0.459256 0.704890 0.963537 0.309071
4 0.464683 0.522956 0.501093 0.742065 -0.890779 -0.426211
4 0.483560 0.555048 0.588914 0.729106 -0.735570 0.666721
4 0.545799 0.590119 0.562173 0.323866 -0.021523 1.091889
4 0.558417 0.559003 0.660655 0.634580 0.587167 0.824344
4 0.353461 0.277306 0.632359 0.558176 0.509351 -0.830077
4 0.312404 0.439695 0.447562 0.740302 0.900435 0.412063
4 0.330508 0.762230 0.578373 0.361005 0.134754 1.073884
4 0.389608 0.739037 0.679444 0.569349 0.591141 0.830137
4 0.357792 0.713349 0.610004 0.614123 0.681820 0.552678
4 0.284648 0.432601 0.468634 0.722299 -0.906271 -0.441058
4 0.684549 0.424131 0.509043 0.748884 0.797606 -0.543578
4 0.686451 0.495607 0.325518 0.750182 -0.995631 -0.155979
4 0.687260 0.574232 0.540343 0.328968 0.009223 1.104251
4 0.438206 0.445203 0.588763 0.588883 0.466608 -0.935080
4 0.405095 0.350332 0.282086 0.696544 0.992577 -0.054092
4 0.326177 0.304332 0.513323 0.659681 0.822869 -0.513214
4 0.661464 0.304523 0.508806 0.644875 0.840073 -0.487371
4 0.352401 0.567391 0.535330 0.742020 0.824654 -0.546029
4 0.431532 0.296003 0.601427 0.619245 0.688404 -0.705926
4 0.544736 0.299989 0.565392 0.644768 0.764852 -0.656078
4 0.454311 0.258931 0.635218 0.513645 0.506945 -0.853440
4 0.412664 0.649117 0.636758 0.550658 0.398906 -0.945222
4 0.521144 0.643951 0.609190 0.509500 0.313728 -0.957519
4 0.333219 0.667955 0.564861 0.316369 -0.055449 -1.072248
4 0.630355 0.708331 0.576133 0.298947 -0.014987 -1.034635
4 0.453198 0.268173 0.599273 0.541332 -0.591990 -0.819108
4 0.577592 0.389234 0.603483 0.606115 -0.567489 -0.859003
4 0.630681 0.327170 0.515433 0.684175 -0.842312 -0.544103
4 0.634947 0.622057 0.326638 0.713804 -0.987573 0.125376
4 0.351267 0.709041 0.587168 0.299162 0.050036 1.063449
4 0.587916 0.824027 0.589454 0.271902 0.012492 1.101864
4 0.393243 0.369598 0.524345 0.699623 0.804154 0.532015
4 0.776714 0.659829 0.475182 0.680122 0.826440 0.501358
4 0.330903 0.655619 0.472711 0.713568 0.899042 0.458587
4 0.661666 0.656855 0.507783 0.683125 0.858588 0.519296
4 0.782869 0.375361 0.378244 0.721374 0.931972 0.283163
4 0.531553 0.597099 0.354565 0.707755 0.999588 0.277813
4 0.518138 0.475125 0.628642 0.561025 0.443622 -0.873223
4 0.469381 0.555491 0.295800 0.694634 -0.976115 -0.090303
4 0.609664 0.636350 0.576962 0.682030 0.705996 0.761187
4 0.635981 0.483195 0.553836 0.718216 0.748881 -0.628570
4 0.335586 0.442413 0.632442 0.606092 0.524918 0.904949
4 0.650801 0.347981 0.447671 0.716564 -0.937710 -0.421909
4 0.235684 0.620989 0.289628 0.668735 -0.938429 0.120718
4 0.324242 0.805607 0.599563 0.314078 -0.047200 1.063706
4 0.681682 0.623375 0.276745 0.677667 -1.066791 -0.072701
4 0.663748 0.712521 0.565063 0.591773 -0.671384 0.757646
4 0.378645 0.482738 0.593935 0.413761 -0.209277 -1.014412
4 0.688505 0.485192 0.266620 0.677651 1.000554 -0.039566
4 0.149009 0.645026 0.237999 0.677982 0.966578 -0.030233
4 0.788504 0.636399 0.298059 0.676283 0.978349 -0.073706
4 0.852771 0.638719 0.281128 0.676386 0.993912 -0.078775
4 0.314313 0.628502 0.473043 0.721721 0.914618 -0.463881
4 0.322201 0.264182 0.591050 0.529512 0.655886 -0.803684
4 0.326409 0.678801 0.599121 0.548351 0.420128 -0.932202
4 0.605451 0.172399 0.561814 0.305463 -0.014127 -0.976084
4 0.684047 0.373199 0.601607 0.570146 -0.496780 -0.894561
4 0.575506 0.302083 0.526543 0.661308 -0.857347 -0.569899
4 0.646262 0.298289 0.512044 0.632229 -0.870835 -0.543076
4 0.676007 0.641721 0.249398 0.677624 -0.992664 0.023263
4 0.738216 0.543221 0.453182 0.751584 -0.918721 0.372665
4 0.259154 0.531576 0.549941 0.630543 -0.550439 0.808048
4 0.314454 0.639182 0.583688 0.635089 -0.586720 0.824049
4 0.257429 0.648693 0.542351 0.628621 -0.567582 0.776064
4 0.670792 0.637783 0.637383 0.543718 -0.474492 0.903636
4 0.310246 0.454389 0.581253 0.493370 -0.308598 0.941594
4 0.625232 0.327562 0.638509 0.545027 -0.400835 0.917469
4 0.697048 0.753937 0.598647 0.465924 0.413024 0.934255
4 0.777600 0.680348 0.484324 0.606969 0.832688 0.608449
4 0.493493 0.450684 0.539124 0.700013 0.762818 -0.610950
4 0.544037 0.623633 0.575440 0.317862 -0.071022 1.067187
4 0.238050 0.403141 0.485162 0.716063 -0.872727 0.472123
4 0.269215 0.463982 0.534360 0.710348 -0.758840 0.663104
4 0.794399 0.391582 0.344124 0.690757 0.935369 0.220684
4 0.807048 0.655686 0.369234 0.697397 0.957893 0.305113
4 0.392270 0.677764 0.548472 0.662902 0.833917 0.591799
4 0.792156 0.599008 0.372341 0.719232 0.938097 0.287973
4 0.549848 0.283175 0.588014 0.443253 0.217865 -0.952078
